  Date    Gouv  CP  G  D  NV
10 3 2021 Ariana 50 11 5 50
10 3 2021 Beja 20 8 1 23
10 3 2021 BenArous 30 12 0 40
10 3 2021 Bizerte 40 23 0 30
10 3 2021 Gabes 12 2 0 10
10 3 2021 Gafsa 14 5 0 9
10 3 2021 Jendouba 7 1 0 5
10 3 2021 Kairouan 8 1 0 10
10 3 2021 Kasserine 4 0 0 40
10 3 2021 Kebili 2 0 0 5
10 3 2021 LaManouba 22 4 3 40
10 3 2021 LeKef 16 3 1 16
10 3 2021 Mahdia 23 8 1 20
10 3 2021 Medenine 12 3 0 8
10 3 2021 Monastir 19 7 2 20
10 3 2021 Nabeul 50 22 4 38
10 3 2021 Sfax 40 19 5 26
10 3 2021 SidiBouzid 20 5 3 11
10 3 2021 Siliana 11 2 0 10
10 3 2021 Sousse 49 18 6 47
10 3 2021 Tataouine 22 7 0 11
10 3 2021 Touzer 12 4 2 12
10 3 2021 Tunis 61 28 7 72
10 3 2021 Zaghouan 16 9 2 40
11 3 2021 Ariana 52 13 6 88
11 3 2021 Beja 21 10 2 45
11 3 2021 BenArous 32 13 2 71
11 3 2021 Bizerte 51 24 1 45
11 3 2021 Gabes 12 2 0 19
11 3 2021 Gafsa 15 6 3 25
11 3 2021 Jendouba 8 2 0 12
11 3 2021 Kairouan 8 3 1 15
11 3 2021 Kasserine 5 1 0 7
11 3 2021 Kebili 2 0 1 15
11 3 2021 LaManouba 24 5 4 53
11 3 2021 LeKef 20 4 1 22
11 3 2021 Mahdia 22 9 0 31
11 3 2021 Medenine 14 4 2 10
11 3 2021 Monastir 22 9 4 22
11 3 2021 Nabeul 52 24 7 46
11 3 2021 Sfax 44 19 3 34
11 3 2021 SidiBouzid 21 8 0 19
11 3 2021 Siliana 11 2 1 17
11 3 2021 Sousse 50 20 4 53
11 3 2021 Tataouine 25 8 1 15
11 3 2021 Touzer 11 5 0 20
11 3 2021 Tunis 72 30 8 90
11 3 2021 Zaghouan 16 11 1 48
12 3 2021 Ariana 56 16 5 134
12 3 2021 Beja 21 11 3 78
12 3 2021 BenArous 34 15 2 102
12 3 2021 Bizerte 58 28 6 83
12 3 2021 Gabes 17 3 1 51
12 3 2021 Gafsa 12 8 0 45
12 3 2021 Jendouba 7 4 1 51
12 3 2021 Kairouan 10 5 1 43
12 3 2021 Kasserine 7 1 2 20
12 3 2021 Kebili 4 1 0 22
12 3 2021 LaManouba 21 10 3 83
12 3 2021 LeKef 22 4 1 30
12 3 2021 Mahdia 21 12 2 39
12 3 2021 Medenine 16 12 1 18
12 3 2021 Monastir 31 11 3 35
12 3 2021 Nabeul 55 26 6 55
12 3 2021 Sfax 44 22 2 53
12 3 2021 SidiBouzid 24 9 1 25
12 3 2021 Siliana 14 4 0 24
12 3 2021 Sousse 55 22 8 82
12 3 2021 Tataouine 24 10 1 26
12 3 2021 Touzer 13 8 2 35
12 3 2021 Tunis 72 31 10 153
12 3 2021 Zaghouan 17 11 4 56
13 3 2021 Ariana 70 22 7 210
13 3 2021 Beja 24 11 2 101
13 3 2021 BenArous 42 18 6 150
13 3 2021 Bizerte 64 28 7 92
13 3 2021 Gabes 21 6 2 58
13 3 2021 Gafsa 17 9 1 66
13 3 2021 Jendouba 9 5 2 50
13 3 2021 Kairouan 12 7 1 61
13 3 2021 Kasserine 10 4 1 35
13 3 2021 Kebili 6 2 2 29
13 3 2021 LaManouba 25 11 2 100
13 3 2021 LeKef 21 7 4 33
13 3 2021 Mahdia 25 18 0 44
13 3 2021 Medenine 19 13 1 24
13 3 2021 Monastir 35 14 5 45
13 3 2021 Nabeul 54 29 8 72
13 3 2021 Sfax 45 24 6 62
13 3 2021 SidiBouzid 27 11 3 33
13 3 2021 Siliana 16 5 2 36
13 3 2021 Sousse 57 25 9 122
13 3 2021 Tataouine 24 11 3 56
13 3 2021 Touzer 15 10 1 44
13 3 2021 Tunis 71 34 13 179
13 3 2021 Zaghouan 19 14 0 91
14 3 2021 Ariana 75 32 8 298
14 3 2021 Beja 29 14 4 150
14 3 2021 BenArous 55 26 7 200
14 3 2021 Bizerte 72 29 8 140
14 3 2021 Gabes 23 9 1 61
14 3 2021 Gafsa 19 11 0 83
14 3 2021 Jendouba 11 7 1 61
14 3 2021 Kairouan 18 7 2 83
14 3 2021 Kasserine 9 5 0 55
14 3 2021 Kebili 8 5 0 30
14 3 2021 LaManouba 23 13 1 170
14 3 2021 LeKef 24 8 3 42
14 3 2021 Mahdia 27 19 2 52
14 3 2021 Medenine 20 16 0 34
14 3 2021 Monastir 36 16 0 34
14 3 2021 Nabeul 53 28 5 81
14 3 2021 Sfax 40 27 4 101
14 3 2021 SidiBouzid 25 14 2 51
14 3 2021 Siliana 17 6 0 48
14 3 2021 Sousse 62 28 8 144
14 3 2021 Tataouine 29 15 0 63
14 3 2021 Touzer 18 13 3 49
14 3 2021 Tunis 75 36 9 260
14 3 2021 Zaghouan 21 15 1 101
15 3 2021 Ariana 77 11 5 50
15 3 2021 Beja 29 8 1 23
15 3 2021 BenArous 61 12 0 10
15 3 2021 Bizerte 78 23 0 30
15 3 2021 Gabes 25 2 0 10
15 3 2021 Gafsa 20 5 0 9
15 3 2021 Jendouba 16 1 0 5
15 3 2021 Kairouan 20 1 0 10
15 3 2021 Kasserine 11 0 0 4
15 3 2021 Kebili 7 0 0 5
15 3 2021 LaManouba 30 4 3 40
15 3 2021 LeKef 20 3 1 16
15 3 2021 Mahdia 30 8 1 20
15 3 2021 Medenine 22 3 0 8
15 3 2021 Monastir 36 7 2 20
15 3 2021 Nabeul 57 22 4 38
15 3 2021 Sfax 47 19 5 26
15 3 2021 SidiBouzid 21 5 3 11
15 3 2021 Siliana 15 2 0 10
15 3 2021 Sousse 62 18 6 47
15 3 2021 Tataouine 30 7 0 11
15 3 2021 Touzer 19 4 2 40
15 3 2021 Tunis 79 28 7 72
15 3 2021 Zaghouan 28 9 2 40
16 3 2021 Ariana 77 13 6 88
16 3 2021 Beja 31 10 2 45
16 3 2021 BenArous 64 13 2 71
16 3 2021 Bizerte 78 24 1 45
16 3 2021 Gabes 29 2 0 19
16 3 2021 Gafsa 21 6 3 25
16 3 2021 Jendouba 18 2 0 12
16 3 2021 Kairouan 24 3 1 15
16 3 2021 Kasserine 16 1 0 7
16 3 2021 Kebili 10 0 1 15
16 3 2021 LaManouba 31 5 4 53
16 3 2021 LeKef 25 4 1 22
16 3 2021 Mahdia 32 9 0 31
16 3 2021 Medenine 24 4 2 10
16 3 2021 Monastir 42 9 4 22
16 3 2021 Nabeul 60 24 7 46
16 3 2021 Sfax 50 19 3 34
16 3 2021 SidiBouzid 30 8 0 19
16 3 2021 Siliana 13 2 1 17
16 3 2021 Sousse 68 20 4 53
16 3 2021 Tataouine 34 8 1 15
16 3 2021 Touzer 21 5 0 20
16 3 2021 Tunis 83 30 8 90
16 3 2021 Zaghouan 27 11 1 48
17 3 2021 Ariana 81 16 5 134
17 3 2021 Beja 35 11 3 78
17 3 2021 BenArous 73 15 2 102
17 3 2021 Bizerte 78 28 6 83
17 3 2021 Gabes 34 3 1 51
17 3 2021 Gafsa 24 8 0 45
17 3 2021 Jendouba 22 4 1 30
17 3 2021 Kairouan 31 5 1 43
17 3 2021 Kasserine 20 1 2 20
17 3 2021 Kebili 12 1 0 22
17 3 2021 LaManouba 51 10 3 83
17 3 2021 LeKef 30 4 1 30
17 3 2021 Mahdia 34 12 2 39
17 3 2021 Medenine 26 12 1 18
17 3 2021 Monastir 47 11 3 35
17 3 2021 Nabeul 62 26 6 55
17 3 2021 Sfax 51 22 2 53
17 3 2021 SidiBouzid 35 9 1 25
17 3 2021 Siliana 18 4 0 24
17 3 2021 Sousse 67 22 8 82
17 3 2021 Tataouine 34 10 1 26
17 3 2021 Touzer 22 8 2 35
17 3 2021 Tunis 89 31 10 153
17 3 2021 Zaghouan 29 11 4 56
18 3 2021 Ariana 96 22 7 210
18 3 2021 Beja 38 11 2 101
18 3 2021 BenArous 80 18 6 150
18 3 2021 Bizerte 80 28 7 92
18 3 2021 Gabes 38 6 2 58
18 3 2021 Gafsa 22 9 1 66
18 3 2021 Jendouba 26 5 2 50
18 3 2021 Kairouan 38 7 1 61
18 3 2021 Kasserine 22 4 1 35
18 3 2021 Kebili 15 2 2 29
18 3 2021 LaManouba 56 11 2 100
18 3 2021 LeKef 31 7 4 33
18 3 2021 Mahdia 35 18 0 44
18 3 2021 Medenine 30 13 1 24
18 3 2021 Monastir 47 14 5 45
18 3 2021 Nabeul 62 29 8 72
18 3 2021 Sfax 53 24 6 62
18 3 2021 SidiBouzid 32 11 3 33
18 3 2021 Siliana 21 5 2 36
18 3 2021 Sousse 69 25 9 122
18 3 2021 Tataouine 39 11 3 56
18 3 2021 Touzer 22 10 1 44
18 3 2021 Tunis 88 34 13 179
18 3 2021 Zaghouan 32 14 0 91
19 3 2021 Ariana 101 32 8 298
19 3 2021 Beja 41 14 4 150
19 3 2021 BenArous 89 26 7 200
19 3 2021 Bizerte 84 29 8 140
19 3 2021 Gabes 40 9 1 61
19 3 2021 Gafsa 30 11 0 83
19 3 2021 Jendouba 20 7 1 61
19 3 2021 Kairouan 37 7 2 83
19 3 2021 Kasserine 25 5 0 55
19 3 2021 Kebili 19 5 0 30
19 3 2021 LaManouba 70 13 1 170
19 3 2021 LeKef 32 8 3 42
19 3 2021 Mahdia 28 19 2 52
19 3 2021 Medenine 35 16 0 34
19 3 2021 Monastir 53 16 2 72
19 3 2021 Nabeul 66 28 5 81
19 3 2021 Sfax 53 27 4 101
19 3 2021 SidiBouzid 32 14 2 51
19 3 2021 Siliana 25 6 0 48
19 3 2021 Sousse 73 28 8 144
19 3 2021 Tataouine 42 15 0 63
19 3 2021 Touzer 26 13 3 49
19 3 2021 Tunis 93 36 9 260
19 3 2021 Zaghouan 35 15 1 101
20 3 2021 Ariana 113 11 5 50
20 3 2021 Beja 41 8 1 23
20 3 2021 BenArous 92 12 0 40
20 3 2021 Bizerte 86 23 0 30
20 3 2021 Gabes 43 2 0 10
20 3 2021 Gafsa 34 5 0 9
20 3 2021 Jendouba 28 1 0 5
20 3 2021 Kairouan 36 1 0 10
20 3 2021 Kasserine 27 0 0 4
20 3 2021 Kebili 22 0 0 5
20 3 2021 LaManouba 82 4 3 40
20 3 2021 LeKef 36 3 1 16
20 3 2021 Mahdia 26 8 1 20
20 3 2021 Medenine 36 3 0 8
20 3 2021 Monastir 50 7 2 20
20 3 2021 Nabeul 73 22 4 38
20 3 2021 Sfax 53 19 5 26
20 3 2021 SidiBouzid 29 5 3 11
20 3 2021 Siliana 27 2 0 10
20 3 2021 Sousse 79 18 6 47
20 3 2021 Tataouine 37 7 0 11
20 3 2021 Touzer 27 4 2 12
20 3 2021 Tunis 97 28 7 72
20 3 2021 Zaghouan 33 9 2 45
21 3 2021 Ariana 120 13 6 88
21 3 2021 Beja 45 10 2 45
21 3 2021 BenArous 97 13 2 71
21 3 2021 Bizerte 90 24 1 45
21 3 2021 Gabes 43 2 0 19
21 3 2021 Gafsa 33 6 3 25
21 3 2021 Jendouba 30 2 0 12
21 3 2021 Kairouan 40 3 1 15
21 3 2021 Kasserine 24 1 0 7
21 3 2021 Kebili 21 0 1 15
21 3 2021 LaManouba 92 5 4 53
21 3 2021 LeKef 41 4 1 22
21 3 2021 Mahdia 30 9 0 31
21 3 2021 Medenine 53 4 2 10
21 3 2021 Monastir 59 9 4 22
21 3 2021 Nabeul 73 24 7 46
21 3 2021 Sfax 58 19 3 34
21 3 2021 SidiBouzid 35 80 19
21 3 2021 Siliana 24 2 1 17
21 3 2021 Sousse 80 20 4 53
21 3 2021 Tataouine 32 8 1 15
21 3 2021 Touzer 27 5 0 20
21 3 2021 Tunis 121 30 8 90
21 3 2021 Zaghouan 38 11 1 48
22 3 2021 Ariana 142 16 5 134
22 3 2021 Beja 42 11 3 78
22 3 2021 BenArous 99 15 2 102
22 3 2021 Bizerte 91 28 6 83
22 3 2021 Gabes 45 3 1 51
22 3 2021 Gafsa 21 8 0 45
22 3 2021 Jendouba 32 4 1 30
22 3 2021 Kairouan 37 5 1 43
22 3 2021 Kasserine 32 1 2 20
22 3 2021 Kebili 24 1 0 22
22 3 2021 LaManouba 99 10 3 83
22 3 2021 LeKef 35 4 1 30
22 3 2021 Mahdia 33 12 2 39
22 3 2021 Medenine 58 12 1 18
22 3 2021 Monastir 62 11 3 35
22 3 2021 Nabeul 70 26 6 55
22 3 2021 Sfax 59 22 2 53
22 3 2021 SidiBouzid 38 9 1 25
22 3 2021 Siliana 22 4 0 24
22 3 2021 Sousse 88 22 8 82
22 3 2021 Tataouine 29 10 1 26
22 3 2021 Touzer 25 8 2 35
22 3 2021 Tunis 132 31 10 153
22 3 2021 Zaghouan 44 11 4 56
23 3 2021 Ariana 170 22 7 210
23 3 2021 Beja 50 11 2 101
23 3 2021 BenArous 107 18 6 150
23 3 2021 Bizerte 93 28 7 92
23 3 2021 Gabes 50 6 2 58
23 3 2021 Gafsa 18 9 1 66
23 3 2021 Jendouba 33 5 2 50
23 3 2021 Kairouan 33 7 1 61
23 3 2021 Kasserine 35 4 1 35
23 3 2021 Kebili 27 2 2 29
23 3 2021 LaManouba 100 11 2 100
23 3 2021 LeKef 32 7 4 33
23 3 2021 Mahdia 36 18 0 44
23 3 2021 Medenine 61 13 1 24
23 3 2021 Monastir 68 14 5 45
23 3 2021 Nabeul 75 29 8 72
23 3 2021 Sfax 59 24 6 62
23 3 2021 SidiBouzid 42 11 3 33
23 3 2021 Siliana 23 5 2 36
23 3 2021 Sousse 93 25 9 122
23 3 2021 Tataouine 35 11 3 56
23 3 2021 Touzer 33 10 1 44
23 3 2021 Tunis 145 34 13 179
23 3 2021 Zaghouan 49 14 0 91
24 3 2021 Ariana 178 32 8 298
24 3 2021 Beja 53 14 4 150
24 3 2021 BenArous 110 26 7 200
24 3 2021 Bizerte 96 29 8 140
24 3 2021 Gabes 57 9 1 61
24 3 2021 Gafsa 16 11 0 83
24 3 2021 Jendouba 34 7 1 61
24 3 2021 Kairouan 42 7 2 83
24 3 2021 Kasserine 39 5 0 55
24 3 2021 Kebili 30 5 0 30
24 3 2021 LaManouba 108 13 1 170
24 3 2021 LeKef 40 8 3 42
24 3 2021 Mahdia 41 19 2 52
24 3 2021 Medenine 64 16 0 34
24 3 2021 Monastir 73 16 2 72
24 3 2021 Nabeul 78 28 5 81
24 3 2021 Sfax 63 27 4 101
24 3 2021 SidiBouzid 46 14 2 51
24 3 2021 Siliana 21 6 0 48
24 3 2021 Sousse 100 28 8 144
24 3 2021 Tataouine 38 15 0 63
24 3 2021 Touzer 34 13 3 49
24 3 2021 Tunis 163 36 9 260
24 3 2021 Zaghouan 53 15 1 101
25 3 2021 Ariana 210 11 5 50
25 3 2021 Beja 55 8 1 23
25 3 2021 BenArous 140 12 0 40
25 3 2021 Bizerte 101 23 0 30
25 3 2021 Gabes 57 2 0 10
25 3 2021 Gafsa 12 5 0 9
25 3 2021 Jendouba 55 1 0 5
25 3 2021 Kairouan 47 1 0 10
25 3 2021 Kasserine 30 0 0 4
25 3 2021 Kebili 31 0 0 5
25 3 2021 LaManouba 110 4 3 40
25 3 2021 LeKef 42 3 1 16
25 3 2021 Mahdia 43 8 1 20
25 3 2021 Medenine 64 3 0 8
25 3 2021 Monastir 82 7 2 20
25 3 2021 Nabeul 81 22 4 38
25 3 2021 Sfax 65 19 5 26
25 3 2021 SidiBouzid 49 5 3 11
25 3 2021 Siliana 18 2 0 10
25 3 2021 Sousse 110 18 6 47
25 3 2021 Tataouine 39 7 0 11
25 3 2021 Touzer 31 4 2 12
25 3 2021 Tunis 182 28 7 72
25 3 2021 Zaghouan 58 9 2 40
26 3 2021 Ariana 238 13 6 88
26 3 2021 Beja 62 10 2 45
26 3 2021 BenArous 147 13 2 45
26 3 2021 Bizerte 120 24 1 45
26 3 2021 Gabes 59 2 0 19
26 3 2021 Gafsa 9 6 3 25
26 3 2021 Jendouba 54 2 0 12
26 3 2021 Kairouan 51 3 1 15
26 3 2021 Kasserine 31 1 0 7
26 3 2021 Kebili 28 0 1 15
26 3 2021 LaManouba 120 5 4 53
26 3 2021 LeKef 48 4 1 22
26 3 2021 Mahdia 36 9 0 31
26 3 2021 Medenine 69 4 2 10
26 3 2021 Monastir 102 9 4 22
26 3 2021 Nabeul 85 24 7 46
26 3 2021 Sfax 69 19 3 34
26 3 2021 SidiBouzid 47 8 0 19
26 3 2021 Siliana 16 2 1 17
26 3 2021 Sousse 122 20 4 53
26 3 2021 Tataouine 30 8 1 15
26 3 2021 Touzer 38 5 0 20
26 3 2021 Tunis 218 30 8 90
26 3 2021 Zaghouan 64 11 1 48
27 3 2021 Ariana 270 16 5 134
27 3 2021 Beja 64 11 3 78
27 3 2021 BenArous 182 15 2 102
27 3 2021 Bizerte 124 28 6 83
27 3 2021 Gabes 60 3 1 51
27 3 2021 Gafsa 12 8 0 45
27 3 2021 Jendouba 45 4 1 30
27 3 2021 Kairouan 50 5 1 43
27 3 2021 Kasserine 40 1 2 20
27 3 2021 Kebili 26 1 0 22
27 3 2021 LaManouba 122 10 3 83
27 3 2021 LeKef 48 4 1 30
27 3 2021 Mahdia 45 12 2 39
27 3 2021 Medenine 92 12 1 18
27 3 2021 Monastir 130 11 3 35
27 3 2021 Nabeul 95 26 6 55
27 3 2021 Sfax 72 22 2 53
27 3 2021 SidiBouzid 50 9 1 25
27 3 2021 Siliana 13 4 0 24
27 3 2021 Sousse 142 22 8 82
27 3 2021 Tataouine 28 10 1 26
27 3 2021 Touzer 32 8 2 35
27 3 2021 Tunis 253 31 10 153
27 3 2021 Zaghouan 73 11 4 56
28 3 2021 Ariana 288 22 7 210
28 3 2021 Beja 67 11 2 101
28 3 2021 BenArous 196 18 6 150
28 3 2021 Bizerte 135 28 7 92
28 3 2021 Gabes 64 6 2 58
28 3 2021 Gafsa 24 9 1 66
28 3 2021 Jendouba 47 5 2 50
28 3 2021 Kairouan 54 7 1 61
28 3 2021 Kasserine 42 4 1 35
28 3 2021 Kebili 30 2 2 29
28 3 2021 LaManouba 140 11 2 100
28 3 2021 LeKef 51 7 4 33
28 3 2021 Mahdia 48 18 0 44
28 3 2021 Medenine 64 13 1 24
28 3 2021 Monastir 138 14 5 45
28 3 2021 Nabeul 98 29 8 72
28 3 2021 Sfax 70 24 6 62
28 3 2021 SidiBouzid 52 11 3 33
28 3 2021 Siliana 9 5 2 36
28 3 2021 Sousse 146 25 9 122
28 3 2021 Tataouine 26 11 3 56
28 3 2021 Touzer 25 10 1 44
28 3 2021 Tunis 283 34 13 179
28 3 2021 Zaghouan 79 14 0 91
29 3 2021 Ariana 291 32 8 298
29 3 2021 Beja 80 14 4 150
29 3 2021 BenArous 211 26 7 200
29 3 2021 Bizerte 146 29 8 140
29 3 2021 Gabes 70 9 1 61
29 3 2021 Gafsa 17 11 0 83
29 3 2021 Jendouba 51 7 1 61
29 3 2021 Kairouan 70 7 2 83
29 3 2021 Kasserine 49 5 0 55
29 3 2021 Kebili 31 5 0 30
29 3 2021 LaManouba 170 13 1 170
29 3 2021 LeKef 50 8 3 42
29 3 2021 Mahdia 52 19 2 52
29 3 2021 Medenine 70 16 0 34
29 3 2021 Monastir 166 16 2 72
29 3 2021 Nabeul 104 28 5 81
29 3 2021 Sfax 68 27 4 101
29 3 2021 SidiBouzid 52 14 2 51
29 3 2021 Siliana 7 6 0 48
29 3 2021 Sousse 163 28 8 144
29 3 2021 Tataouine 23 15 0 63
29 3 2021 Touzer 21 13 3 49
29 3 2021 Tunis 302 36 9 260
29 3 2021 Zaghouan 86 15 1 101